0855208047
0767453774
0832592536
0768591926
0781504090
0939253395
0830661530
0829963899
0960173589
0391926911
0708097043
0778231271
0782153052
0967450182
0938127202
0963881734
0888623164
0788153250
0373387427
0787733183
0942574167
0944521758
0352060013
0796208810
0883328166
0385176387
0824868573
0850433965
0789656138
0847434676
0941088554
0986238821
0909401520
0799365120
0370935995
0793598406
0852393166
0792414972
0323393045
0818270268
0343728024
0357687476
0821913460
0767343182
0814171002
0817014491
0987934840
0844762883
0332391766
0321152326
0914220374
0357287299
0817035133
0387616932
0847087425
0795878487
0983031720
0366419316
0781945701
0387427588
0903744178
0349554244
0818796928
0398035643
0398249673
0963297193
0343892095
0968024020
0898698622
0827618811
0830552373
0815442978
0889899397
0965791061
0834603560
0881330228
0324150584
0841837978
0796359127
0813569912
0779196001
0981169587
0353186209
0797022822
0331179857
0770411904
0903720504
0341557251
0896797879
0982489188
0353021845
0703760569
0845706093
0760699837
0342446368
0795301009
0701982293
0917753839
0769902850
0933183250
0388428566
0899669718
0913902721
0378790492
0761593758
0362448134
0373093004
0339081402
0325692693
0366893449
0799606752
0988509542
0883351787
0835147466
0896278156
0851437380
0397489255
0858465779
0369675501
0905860535
0843529849
0382258169
0798062477
0368560951
0979937435
0831925497
0889710907
0354630591
0881416856
0341101900
0894960049
0359613054
0973810723
0966416104
0773307118
0789960871
0700304205
0818934940
0368440462
0348951906
0985664248
0796593310
0395341850
0857167491
0789105510
0970874149
0831578280
0968297660
0782459971
0972827117
0948837679
0364139674
0973769793
0812087342
0903766014
0795100744
0349466201
0939414721
0850875470
0702087375
0901786274
0769139309
0936364945
0835278506
0361967334
0910743482
0785647329
0353808191
0709559542
0821049975
0946608997
0780110493
0388322593
0355377870
0835007164
0782862381
0787710174
0348717923
0793711716
0819781885
0912605907
0354775516
0910313623
0335576965
0941896985
0890038064
0399586575
0988974520
0907404135
0913643378
0332598187
0345287205
0931547174
0899135779
0811578217
0358236130
0819627602
0780140115
0389951996
0904617090
0853160305
0906069601
0796448330
0903557833
0891896248
0360647297
0363402660
0373406503
0859158864
0908939651
0389031859
0361091003
0398728923
0816359320
0775154231
0912217085
0386613816
0792274277
0841403469
0706537982
0373078213
0896717293
0891573242
0399008554
0838363226
0919258369
0965259120
0901898599
0948931990
0934498592
0835727865
0976440239
0946070514
0836839308
0762246761
0986889737
0978848800
0967910561
0385347600
0346771370
0841793764
0886239952
0352721510
0328099643
0914530063
0359968130
0889643478
0791268795
0353320077
0357706880
0793225641
0813508947
0822935218
0357463147
0328024316
0330850744
0328681983
0908501305
0326729731
0844147539
0338413875
0797768423
0962916229
0932519016
0705445338
0323745518
0706184806
0853717505
0825665578
0887618898
0976791066
0384772993
0907518451
0349367032
0858573840
0916394350
0964161122
0794431453
0849380274
0843006058
0799804366
0912691724
0348662721
0821199893
0847605934
0792400715
0397448322
0341301677
0963199855
0707002183
0915006511
0380962979
0761064207
0775548521
0883473872
0379245931
0359903525
0331793136
0700913095
0360072995
0833416213
0321897371
0766264124
0917870726
0886254152
0892919074
0776366510
0705421493
0987154942
0934128106
0327920773
0836156922
0900514763
0934348412
0898653096
0848919303
0799411082
0398457913
0797301584
0363849768
0845366871
0852894130
0973915364
0974030719
0988805090
0357660912
0883815460
0816400650
0766505312
0382923353
0762973672
0938157823
0882133464
0912693648
0830923258
0825584041
0765770261
0797146254
0831102156
0320387078
0842637190
0836143304
0330314336
0948040069
0949294300
0976069248
0799361479
0815572207
0700536972
0844971626
0831781323
0703385912
0704043912
0824858374
0797947408
0848871766
0813906023
0836426462
0915216418
0811775055
0891174044
0838238008
0325844028
0827160089
0880479682
0703934813
0378982380
0909017642
0794706048
0846250490
0897640223
0948372890
0902966213
0826914076
0335640114
0786389792
0341644269
0781557386
0328224309
0988668160
0949514285
0810520261
0765521740
0328230734
0828226008
0915849505
0824925986
0833584863
0907757330
0897413414
0767184204
0367720045
0332870851
0853859388
0368064596
0352464146
0846250891
0817827702
0343785220
0989053625
0377732544
0371400424
0961947604
0793584600
0948570490
0369394625
0947088966
0764767382
0766758778
0846379275
0916018736
0826634439
0984319618
0330603900
0943983735
0362998313
0896770381
0368501914
0906074573
0915819502
0340744803
0320228507
0884015386
0899881477
0854223919
0789794504
0907139628
0942904884
0946092069
0890799690
0776093912
0940780208
0362629715
0361495399
0893854489
0367139809
0910448751
0947201077
0981143192
0322479325
0351797375
0849497801
0388741517
0931834637
0324980324
0892159361
0822258963
0819138339
0707477963
0939775838
0346365995
0810177992
0705299801
0776731093
0909141878
0970027704
0847861953
0931892099
0352659254
0389882381
0387478098
0962328724
0390762139
0831545281
0325320253
0889454776
0798207081
0390146939
0376493772
0380860157
0906327010
0702431155
0903967598
0370340353
0850214361
0883653115
0330851211
0898209845
0847415780
0892854146
0350649290
0388966911
0893207021
0792314579
0773696632
0398407689
0881614853
0900365740
0853782471
0387889282
0913270580
0912509137
0846446911
0987284986
0960043951
0904908879
0961314784
0773671569
0989665925
0792237462
0342311889
0819628490
0338347595
0836351303
0791031731
0765453101
0821442230
0962356640
0916515040
0974741939
0346850181
0702825549
0840841306
0810644041
0790040515
0964826561
0785446564
0934105471
0390380029
0980507850
0982081851
0343053889
0967174302
0937246866
0391087027
0362862241
0947646295
0764418990
0984390216
0762093431
0825737887
0944779093
0760195496
0340741651
0903741303
0341965316
0702556991
0987121433
0343083370
0702277857
0781326017
0970613182
0822299219
0399284393
0913486157
0392694362
0857216066
0341384622
0391022314
0391093978
0975785291
0776215578
0933793121
0390461417
0324137609
0788801744
0843554170
0856832744
0850267480
0352490791
0370663116
0949236988
0337323108
0342090899
0325829551
0349761359
0889218624
0918771304
0840637016
0915580450
0881139949
0330937947
0899477856
0370453289
0372673702
0889342034
0357463604
0839593303
0827924266
0825513150
0340466002
0366676372
0914911873
0760725175
0848645361
0895053718
0948673315
0779659712
0354029566
0373405797
0881731214
0854607550
0908428056
0375281227
0367633470
0349975244
0978839121
0373320611
0946803986
0938790221
0795775205
0764305007
0322578620
0881814704
0767992989
0858174981
0852682175
0892524874
0765459700
0891194917
0347889080
0841430533
0766197314
0822201096
0344794875
0341451926
0849066886
0359106894
0985241214
0821741027
0949516192
0388504019
0910149832
0987438554
0761867505
0346255687
0354630582
0810660631
0907628615
0706437863
0337682573
0335955248
0965686730
0705709166
0368916286
0384239367
0934627127
0838464704
0780615950
0892481028
0784579988
0346275872
0896298521
0762627183
0984097530
0329507508
0978045071
0833751993
0917057480
0941068803
0829739899
0983950070
0346309187
0984266178
0779952282
0900524373
0963048902
0347159397
0388103944
0836201047
0982439521
0349116590
0328446687
0984691839
0763238410
0332513998
0768482203
0977467489
0700709357
0370503813
0907200757
0384342520
0830897611
0939374397
0785953327
0771530568
0386258991
0327482311
0705480159
0840662273
0851272661
0352410231
0917734686
0948753380
0340161350
0772855834
0779160572
0913433925
0841157413
0782174731
0349574171
0762445163
0983086460
0352146260
0907551411
0392156052
0398631017
0354290329
0363280497
0978370450
0896398073
0354781740
0344267967
0366827599
0844596202
0325270186
0965698400
0850218846
0764635982
0776058417
0332764756
0983406218
0355756948
0779427431
0376648676
0779751837
0849097697
0948497901
0917586779
0792448145
0781857478
0919097183
0930347242
0781759984
0819575322
0889492093
0900019462
0823883986
0774247528
0842830434
0790993126
0775463361
0970320557
0851124224
0902754587
0982147463
0896483136
0848412273
0388753405
0837101916
0854866056
0791275484
0974910673
0364622806
0829175374
0382846142
0324683315
0940245032
0374336297
0827561970
0892013243
0899102386
0842629370
0848741958
0854060146
0376359354
0386683890
0883670253
0932981342
0812074614
0361658919
0768538491
0350914304
0701383054
0917832878
0337102791
0700673015
0700359089
0352056687
0353505112
0793400820
0835453593
0975240696
0341658727
0329217367
0782600576
0890084910
0332474248
0890536573
0845469766
0849239820
0828702584
0367991371
0832969383
0382691082
0773158167
0383178564
0917589197
0844823819
0348954689
0783021324
0782542763
0762240572
0936359966
0980281761
0372899717
0787004730
0911406648
0345573742
0327176706
0919218089
0930739535
0791057149
0930078085
0851347085
0898485573
0394034082
0941050757
0357315086
0764318794
0849823769
0786163832
0353760557
0812889665
0834827120
0904112253
0946027065
0376726813
0941925733
0777170512
0911081609
0853862286
0898019490
0916492933
0704676912
0772611655
0833880544
0325838986
0777008475
0320646913
0360735497
0842009734
0337464050
0784575922
0352940386
0859628736
0339335334
0931549417
0822661938
0895296427
0389586390
0368841435
0813246645
0901935955
0373448371
0902557917
0945166519
0962670314
0812142030
0794346504
0825861811
0960510463
0380079762
0941881023
0709038257
0899459959
0944043832
0835642540
0381893242
0880725459
0945995098
0844142359
0391387151
0822239069
0701326221
0966810018
0827309435
0380628418
0709886980
0788633951
0881021644
0709607116
0360871579
0882155840
0938939462
0362320092
0351689192
0769060316
0353909316
0933871167
0815059734
0365794641
0332178853
0885404559
0338046341
0859110070
0792047618
0341672202
0347508337
0973019344
0906206140
0881257416
0981353141
0709479256
0322331401
0907609579
0856572739
0321261294
0844053577
0352278140
0326276294
0819566266
0978091097
0826723641
0938008475
0394219394
0988491343
0774634754
0337460308
0763915933
0989082324
0937960689
0786452096
0970252044
0989341551
0363494596
0934347362
0815314977
0364439153
0704490265
0701978235
0943322916
0858938583
0820825240
0934319211
0359952402
0376477055
0881934687
0840792745
0840117601
0975253848
0905863782
0949530466
0772759683
0831258683
0895954897
0324094426
0937694462
0799920256
0323341775
0935095893
0828367329
0939572135
0859059325
0355519135
0786563717
0904755470
0842481559
0344769495
0910292061
0969115963
0321996032
0836398331
0813496261
0986168126
0892623168
0989061887
0336954166
0817269246
0768258495
0390492157
0382702539
0346928557
0779615746
0702570675
0949410090
0828587201
0932651346
0355100866
0335924174
0830412504
0355790913
0345637546
0780613021
0796943788
0948443596
0396749930
0985619932
0812230314
0833279114
0979265770
0887675322
0978802048
0358214399
0910182770
0374499831
0884378729
0337918521
0331274183
0354330220
0905233707
0768334657
0964724095
0813743850
0964761255
0782664041
0707786810
0767532822
0932864872
0787008474
0392534401
0835586978
0901274923
0360619746
0984929041
0789779177
0850882738
0833258144
0840793621
0782479226
0844025369
0353376243
0887218722
0390558446
0378023001
0842910139
0797328549
0339030687
0880811325
0760787959
0372865361
0350054494
0931330328
0835095810
0858153154
0961248636
0970475249
0943449214
0945887145
0829014970
0815071605
0949771733
0398275600
0979465100
0884684775
0363670245
0345530246
0845188020
0896215968
0824749185
0944822010
0783004914
0792757942
0702963487
0849570349
0918271512
0882934438
0982721350
0913105895
0820680478
0828602740
0968379956
0844772986
0853540976
0381610842
0708209552
0331605202
0338312110
0700466141
0815709502
0821586153
0333824139
0793760144
0391485079
0399693161
0375566149
0793607391
0886062337
0890854600
0944001619
0931925145
0904055107
0949146169
0887864967
0335504954
0362854435
0841748703
0893021517
0360828617
0370682890
0326606770
0851356945
0912686481
0961823117
0903830618
0380705235
0908060848
0810016751
0890349286
0904098468
0974874683
0776836737
0784070451
0359185317
0909063936
0707192769
0348272932
0351509461
0984718821
0889329120
0382637015
0323350635
0346581622
0944944301
0967338603
0974013306
0707216616
0774653473
0798955711
0858058701
0944414686
0371448734
0966636482
0782725608
0979285474
0896461646
0960673043
0372314721
0847968832
0946389688
0896147343
0373604125
0343045894
0336485288
0353126356
0332390442
0790950228
0902677598
0851275048
0331001300
0989091179
0940965583
0332978718
0885506276
0397365323
0786708385
0333010634
0907839370
0784989313
0891927256
0846959907
0965542059
0822632764
0379034478
0371152545
0912353864
0360659476
0337964433
0382904221
0854093523
0701947502
0857417855
0960252998
0370214392
0971191375
0763796640
0970653965
0908041473
0982062303
0970290867
0826934115
0320593157
0833352087
0882829943
0386043861
0890520698
0854941596
0830700259
0323607440
0828006710
0900429658
0980473225
0842054244
0378907679
0939724976
0761033560
0389958840
0817645953
0345277365
0909124144
0832849755
0328713715
0389339890
0823384190
0336587495
0373660500
0387226008
0371615854
0384731722
0856341497
0987033910
0853062885
0813137185
0980870473
0392816124
0772825382
0322154404
0705502611
0341706383
0935867943
0904891136
0846368928
0850974147
0854302304
0853568512
0892927095
0835278075
0919729532
0373683541
0338004253
0961469350
0339279852
0705687712
0937680854
0825414416
0934054636
0919175779
0896682301
0394834784
0781507421
0325049466
0701652199
0761261759
0787170366
0375255726
0979341570
0906334042
0947346772
0965747743
0948176466
0982289154
0931022991
0794715522
0372533986
0893113617
0896973620
0701751898
0351461935
0345485705
0387982649
0894611397
0968413140
0887060391
0378009619
0830028700
0324706315
0898811650
0380279363
0985224070
0833965834
0960320347
0843696326
0778558455
0321964852
0836900762
0820110810
0327724053
0335856260
0322151749
0378804915
0762509001
0887009549
0775998230
0885324935
0930527481
0787436586
0356745202
0340537411
0973305883
0893173442
0859866487
0355408968
0826051561
0341192517
0772893382
0335604651
0781594080
0972413978
0760573771
0394955344
0841747136
0347028113
0762829673
0987820244
0770357950
0797470839
0789068033
0906578162
0790049008
0338772468
0845094705
0704307344
0707166502
0888180355
0377433495
0386284386
0855715504
0343075042
0366885899
0342598423
0829716150
0774784070
0848782978
0709275522
0762208023
0390291768
0901328861
0975904577
0838211072
0772867571
0914140901
0984208869
0845061757
0396340076
0978682079
0812896958
0838730282
0846337433
0940392093
0967407125
0775807291
0835051595
0772768906
0880603878
0790764013
0346397446
0786694512
0975377577
0897076860
0949564901
0389979278
0898405854
0912605993
0706291343
0918492062
0783998558
0377517167
0893075215
0946375920
0338660794
0883511297
0962458531
0328478461
0942448253
0888509721
0826790295
0364194750
0855797715
0835690839
0765764023
0352814009
0989120574
0835897479
0378350611
0916088745
0780740262
0708134409
0361575320
0372051635
0933496287
0831627783
0914742887
0795736290
0971502482
0352237016
0779086701
0828147752
0829204850
0969408991
0846431869
0884845277
0986872895
0849139098
0381921778
0772295604
0707159858
0826997037
0358739601
0943381624
0889039814
0911341164
0837105310
0392769001
0320592251
0791105194
0964370714
0351625034
0907982469
0781910899
0781571536
0839836251
0931375647
0960461925
0841671364
0373303850
0825091763
0782063726
0760668781
0361735096
0901184634
0332729828
0971320258
0831085681
0851482151
0788266326
0884218020
0328895293
0785238551
0346086065
0828505317
0799859042
0937185961
0796598406
0761348706
0764500988
0893367557
0333624428
0789632579
0813446616
0839683167
0835909593
0820572332
0910972545
0890387843
0978897191
0771619430
0702077875
0380155922
0820905358
0777534008
0707311820
0988168589
0325231971
0761821796
0789757790
0785095740
0350081388
0381790651
0849368919
0321194332
0882188937
0795885941
0369638315
0826923290
0852846086
0941079416
0936887504
0345953011
0378498651
0813143053
0327156178
0358041833
0976830766
0899943715
0364705236
0798146154
0902586619
0843261981
0373523856
0976577413
0947471204
0842219848
0346436205
0850204318
0332763931
0762960180
0905169450
0377625739
0983556616
0323467109
0391171522
0795710418
0890592146
0708141094
0898201300
0941330192
0903740097
0897249565
0885009051
0349833594
0910388731
0818355351
0395796319
0845924681
0846147131
0949001193
0377599360
0337140963
0962147943
0854460093
0760534731
0765859649
0321910378
0391668552
0375328022
0348948842
0941860735
0369909474
0336711740
0765146910
0892993510
0965882731
0820273447
0823257836
0833078157
0705115060
0346704719
0780791067
0944962693
0834533556
0348128184
0766519289
0370201149
0781193712
0779265316
0365727181
0980782499
0331257350
0826795566
0762373428
0780534900
0369733558
0832136612
0784258285
0342900844
0935808560
0766309773
0823256353
0385759310
0857922579
0982459080
0836526772
0384468413
0965894512
0811665724
0369267302
0707382792
0380890688
0377152186
0355031739
0812335346
0937491691
0376921513
0919294694
0787992067
0972336178
0967493687
0933668472
0389592448
0770732619
0781798417
0379608716
0973723244
0373029809
0367351329
0399334179
0829283989
0326279294
0834344605
0708634099
0913248758
0822901443
0896871303
0776490609
0793295911
0703018906
0961726730
0908114814
0789441007
0383570481
0987360419
0942602728
0946758457
0857421932
0394346271
0962604900
0709738264
0962197178
0380213421
0342761188
0790315361
0360023580
0709512280
0706466917
0843776203
0939613094
0882216040
0936776737
0790568073
0370901522
0383732420
0821452426
0913864606
0853779176
0964146155
0973779343
0773323377
0962085763
0779365717
0703145901
0390663985
0324937480
0899934454
0386300453
0379890633
0779774628
0322840485
0819552042
0832866302
0978736152
0360190054
0880309989
0902655406
0823073132
0833616256
0883098573
0782552714
0381509279
0359188457
0947981827
0911739499
0983599202
0982451280
0335908913
0329907633
0399629794
0850080155
0907688597
0784274099
0377451162
0397557005
0979085607
0979032476
0360013096
0376866200
0895382556
0332215274
0980780873
0344642052
0944233916
0816510437
0770082523
0387884588
0981809394
0787604587
0909531493
0909865245
0842473596
0331363024
0777092602
0336308020
0793542925
0380428060
0794846472
0334138702
0764821329
0850991158
0355908652
0387344533
0895630887
0931795223
0397398663
0764608074
0888297756
0785230492
0839172080
0976854852
0886467927
0948579399
0361844037
0395109233
0895322404
0898806156
0391716493
0892542612
0910584686
0913419589
0884792381
0885283262
0980115578
0989249931
0780092623
0339064413
0359713326
0963050711
0895487351
0336134486
0818844823
0782858047
0916835815
0983264714
0980688533
0841705348
0893380781
0911851193
0896024002
0837834181
0773358191
0911202837
0365318969
0362731768
0375258242
0972235738
0976844670
0887045242
0815826564
0942740889
0812128898
0812873361
0778554615
0851429202
0855063389
0972479665
0902615056
0839028220
0325134881
0830936403
0765062214
0975254960
0795230043
0770914691
0906357115
0949843395
0373187813
0763443531
0849583932
0799227372
0960317855
0980142911
0881978175
0367977176
0797048565
0845814602
0708847023
0325325221
0389770419
0852986420
0963021744
0881370307
0789118594
0399956814
0360391802
0919124553
0908974472
0363005953
0972850635
0987997223
0856598374
0345236799
0844736157
0931438161
0341498993
0813324306
0820937383
0322771969
0815619468
0767271332
0391538034
0968580384
0337916326
0931371702
0814077851
0982927080
0897989314
0348130419
0827596309
0939230442
0901019720
0900756897
0392962993
0363976861
0883913125
0912293495
0331138472
0943895211
0977083440
0900477613
0320132864
0398569060
0326930277
0392620880
0351147461
0819132886
0933463340
0963970594
0704533061
0813947038
0357346458
0784147193
0834148935
0986336683
0327298526
0343400236
0829392495
0773126346
0891559275
0383824230
0896837324
0919650482
0387593298
0904841205
0839628354
0357697309
0360885984
0370032732
0902792379
0933607685
0988783690
0855381843
0835008265
0332240170
0974004736
0988041145
0940856146
0706319689
0842009627
0885577619
0365507351
0793586299
0325540836
0705082170
0397547265
0854709415
0881607511
0781139416
0785833194
0985386880
0325736643
0884919705
0915053759
0839065982
0767273958
0361635667
0893433408
0898818094
0975221161
0775563675
0775272175
0919832822
0360594690
0337332451
0823287299
0989190559
0791013657
0320265036
0329548498
0980533597
0784277529
0942414936
0775885988
0902668271
0330577417
0838320051
0837025696
0894458830
0361481798
0981503750
0965687902
0946746677
0761140299
0971214405
0392260254
0326601633
0933805311
0378781953
0785254615
0816367198
0709966581
0783085502
0948145309
0962430920
0982559705
0966007014
0930684217
0893582560
0857267598
0858516949
0853778513
0972532819
0351559158
0897487530
0977667692
0985350731
0703930021
0777103168
0367024221
0332955612
0320516372
0811252073
0859384911
0880954750
0334427063
0338104745
0934675155
0854936741
0983419954
0785370187
0840238753
0322209026
0821585036
0982774504
0378546692
0707036920
0785493967
0793293631
0940078817
0775927071
0344636685
0891028202
0934896521
0893850756
0982418600
0942623087
0380833927
0325812589
0946092326
0392519929
0827236081
0788619791
0399470814
0387882934
0976650849
0374455982
0856959264
0981465636
0829133601
0967582677
0335147965
0707785964
0340799141
0910491890
0321219151
0966032420
0975695192
0891653290
0760943399
0798583624
0390051691
0829840954
0334384428
0882488684
0386445315
0361157370
0937265174
0854675709
0350103589
0328620233
0849084513
0913685878
0364189859
0366629421
0976583181
0858807586
0341317434
0904139790
0338708326
0910092486
0941434735
0365030719
0960990712
0941260939
0392332300
0343511963
0378512087
0827976201
0810235616
0907580460
0933683767
0948942885
0899745169
0703209446
0335306458
0831844132
0850617968
0813145280
0971055063
0936002087
0894358518
0973739174
0382927369
0819515213
0945260431
0399493648
0364663037
0368563885
0373158320
0941998552
0896320251
0375260889
0965262590
0946853341
0384113618
0344728204
0906078390
0839612767
0820530766
0776961051
0765612202
0889746146
0942579408
0963591075
0973249989
0331807002
0397410772
0705077612
0375838801
0896963544
0393957417
0818902157
0765466183
0947035710
0779350632
0355721439
0394198591
0852091459
0788897421
0916711538
0368106293
0389044750
0343954450
0980964161
0988323698
0351653277
0819308920
0704682204
0355142478
0915778818
0963271852
0984721803
0889606579
0785767433
0810039848
0397591468
0371860216
0810095312
0945896002
0943221260
0706790674
0964995565
0914958556
0368864450
0840042581
0936013034
0767883808
0392270724
0989433190
0390741924
0969905417
0792696360
0359160184
0360112200
0789438755
0884089241
0706630155
0394223140
0979219937
0371101341
0937615338
0847211084
0965325136
0360651755
0830449371
0891035384
0393142411
0947570602
0702531087
0811102948
0902681442
0775063380
0348631810
0762140272
0886251266
0949102354
0772564247
0889618696
0798641160
0345369650
0912011708
0885831006
0328857993
0761544933
0904992276
0886589671
0368130038
0329126037
0385920692
0382916815
0901866376
0369893589
0937284013
0760886097
0780951883
0327637209
0901083673
0793469230
0781533546
0854895405
0335863010
0912634463
0345796874
0326297289
0762078517
0764796093
0783709795
0373358521
0361331215
0395563831
0347275350
0882264410
0777758658
0896008472
0890788246
0825063036
0785302362
0353365752
0334127166
0900778810
0796520562
0781009470
0369361766
0383887032
0382714953
0790053421
0965737243
0902066278
0906395771
0392264294
0821450859
0896687566
0360541805
0987372572
0324875848
0796075637
0382966126
0796916740
0770057736
0885798174
0372601753
0323021760
0916257806
0359704221
0708801829
0356837411
0836070805
0885354911
0845125214
0826198334
0368361660
0369097442
0886682326
0389866167
0966148617
0383544264
0933980188
0705297554
0973362870
0942649308
0813824075
0397625889
0709308690
0905842254
0949260191
0832468877
0903287947
0909830629
0892642114
0390209661
0857359159
0761271427
0771005735
0977246649
0828342467
0905505464
0776568218
0773629081
0782420254
0967660439
0379149904
0702541655
0941695089
0944349850
0977794820
0967063830
0960410217
0760458437
0902905168
0391134904
0344849489
0882812719
0762267240
0332480768
0786304730
0899074607
0968800216
0987977197
0857958437
0910771891
0784114936
0704873740
0355916515
0355149599
0904924778
0989938079
0379985906
0324462730
0846994667
0344837701
0943341056
0382571996
0331197285
0793618159
0799053749
0902306226
0341035441
0386619391
0771561637
0379953574
0975236056
0761030691
0773395663
0913587589
0394991894
0931137712
0781186812
0328673696
0847162776
0941256354
0375915731
0363852896
0327709468
0986494280
0332785236
0389354021
0936889455
0888417428
0970393383
0341195395
0859184991
0816820271
0823966749
0891003817
0966259544
0343352768
0355370295
0791601577
0889289101
0374088590
0896223952
0895952786
0969082861
0704699753
0975736290
0899834135
0898879894
0918330778
0323988960
0848729248
0904910744
0851144112
0979334700
0930248892
0826332285
0391008344
0376823974
0848356513
0961457213
0883682253
0778687353
0828910174
0889277266
0902499811
0771138591
0888893857
0989600763
0345256632
0915662378
0854695015
0931656624
0708048646
0978396706
0320361562
0331648143
0786219145
0831497354
0399792583
0886062950
0368053060
0818205251
0963848558
0986985320
0988428348
0761388154
0769662441
0914282635
0772138930
0330519911
0840753696
0813326471
0333223887
0845166930
0329597274
0792094771
0835759275
0983101160
0984973613
0793461830
0883174148
0910676838
0859915127
0948833669
0936602533
0884308194
0940770487
0785711087
0389885488
0940641676
0938410695
0822190531
0914744389
0966985615
0328219041
0322593573
0966887015
0893013549
0390453486
0366852283
0831540537
0772634894
0773465586
0904614453
0375515562
0938343156
0970694679
0900817365
0365049350
0366792598
0385763412
0937339631
0700804548
0932440366
0399359520
0342508403
0706551946
0892303918
0960930228
0970767198
0396810974
0847482420
0700430518
0700201095
0815406423
0331495994
0343096004
0855413997
0768479524
0892318529
0829381791
0350171040
0936361293
0937154977
0330188172
0706826881
0354731385
0904830839
0857365253
0983318018
0932687413
0761936400
0324059967
0828594898
0844422698
0384137247
0857802387
0983117152
0894633275
0845822926
0836045803
0776815470
0765263892
0884420688
0834041506
0905215240
0810424362
0770373486
0702185301
0789036174
0829703568
0393242598
0986605496
0344558415
0335409976
0943519448
0836438197
0974069826
0917108483
0978227664
0350448945
0703009303
0858609298
0884334034
0338676621
0900663840
0380233143
0369258330
0778948395
0323843483
0817287098
0766405787
0765090138
0945640332
0908809909
0354499831
0836496113
0973153674
0357728808
0835772696
0915862074
0358940756
0918572153
0895337845
0816472756
0797644962
0890107508
0981982211
0320400586
0896939010
0367254422
0969609440
0383497165
0325260440
0836644742
0370690342
0887819329
0784795380
0321897401
0338371463
0858240852
0829968463
0814374180
0352471748
0960642795
0810372877
0849091954
0849791134
0393586416
0769730864
0974475300
0847433402
0976395304
0320766716
0901046435
0839840850
0823130350
0961657840
0375496564
0342202821
0765445483
0947132760
0340694935
0377869493
0832986423
0982162548
0810591311
0985315870
0351473847
0371763690
0941488138
0782251150
0373155710
0343607745
0369189007
0340902885
0962286628
0787433585
0939257055
0887804477
0383001373
0898662374
0881928715
0856965981
0332539537
0328266471
0856445787
0972033446
0384995926
0833669112
0779118563
0377226859
0894616887
0381939240
0988255825
0983259646
0396304914
0377201511
0344831272
0846355990
0936462205
0967374559
0820256013
0782597392
0369207065
0820884481
0320974057
0895098625
0842114049
0777991966
0388127158
0371310358
0940262776
0335821822
0982668592
0700011519
0384887599
0776597748
0942452939
0838980293
0791556630
0854419892
0967169453
0770179149
0788393750
0894890868
0813601630
0859087099
0708713168
0762212913
0908449387
0320156844
0380627106
0886361753
0372838781
0353680494
0887268594
0389254068
0855805329
0763075996
0857585034
0936090627
0388976887
0788491481
0777610847
0771190563
0337286492
0919209857
0934236470
0365128575
0381780939
0970402833
0820401418
0335905967
0896074219
0348959913
0970537020
0910190020
0775078601
0904900599
0892285101
0989064738
0944980719
0764396144
0784436185
0380506332
0353731767
0384495810
0793760255
0760018734
0827886304
0785886245
0842827365
0327606599
0859948283
0381871247
0829920281
0886885653
0764552533
0789612969
0384205453
0346232238
0858704864
0902750662
0831097025
0970550722
0886042385
0900513482
0964131899
0329762180
0351091671
0355637225
0771506378
0370144027
0779740976
0822797394
0833795842
0793258202
0347161807
0814159601
0361910907
0326207016
0856186107
0376536991
0946450955
0849664385
0398155417
0978072861
0761939472
0361752686
0960402127
0941728295
0892631273
0396426208
0377502110
0780185729
0762151155
0819430375
0853478038
0978491544
0323625221
0709975647
0968142984
0892728458
0810010581
0373716329
0796472734
0778228594
0328346009
0776174762
0376878516
0327154589
0853435510
0341291199
0778731146
0901601431
0818575691
0385772861
0908715127
0910632738
0911055600
0937185126
0334851135
0810924966
0944384407
0979127322
0334539028
0766314062
0936276813
0966899890
0351512910
0825214833
0376275708
0365095824
0917639841
0973427531
0778057869
0339964796
0331631842
0885076082
0329659455
0918205758
0855579027
0982766861
0892152785
0988663032
0894487757
0894224163
0820033565
0376709618
0332034168
0932049474
0892491458
0790642692
0915348741
0392016335
0968835577
0787039798
0356699487
0325744013
0982820722
0380615007
0388706354
0347601580
0837841855
0822532366
0783291608
0936426076
0856610042
0320309527
0799069081
0353276397
0974483583
0940756859
0339207038
0935083905
0365927936
0904317480
0820186676
0900587827
0367380524
0366263408
0858157039
0983981883
0796609946
0838568038
0320922989
0906569523
0366958693
0779491307
0335221655
0901737921
0770835146
0349867448
0899016021
0322787960
0856886302
0369811498
0891757270
0374332536
0371025370
0968663951
0850316416
0380214048
0904826073
0932072846
0797911812
0331637585
0329006576
0841884170
0781581248
0914729586
0372059265
0329501779
0705943708
0821028704
0399819788
0832099452
0345096313
0888413036
0882237739
0969359622
0369272942
0703676459
0328896119
0885808247
0769218130
0988869121
0345756367
0947611970
0334709029
0810779088
0895591541
0324042198
0772521362
0961620516
0357415231
0377819145
0856498622
0969940946
0392396429
0399396067
0390119690
0321920158
0772756606
0368231665
0327015588
0332615346
0883949309
0339840771
0937828972
0847726706
0829115117
0771438752
0371753301
0988646317
0324015086
0769903405
0369124334
0796988215
0962512887
0853235596
0369252150
0364897724
0881063614
0823209137
0949627383
0325516848
0962653205
0702171067
0937108638
0942047976
0820047155
0330336152
0795033668
0903875773
0989160443
0844144840
0972355801
0915080780
0984293466
0902382617
0378864774
0905689682
0818126214
0708648584
0374717351
0971973025
0343551774
0836739859
0908478594
0769081830
0774832923
0783048266
0905830351
0976973854
0822452532
0795078529
0335724023
0811511700
0890320720
0321150849
0841017860
0360186962
0882668061
0775197764
0912964860
0329499614
0945013098
0907168280
0396901988
0323721941
0967097466
0832151305
0909948469
0374702133
0841048272
0821463850
0395374604
0797030620
0784906617
0904843017
0347254905
0976508480
0847529331
0344550109
0374647295
0390793708
0345078738
0912655967
0766224114
0940508325
0856556581
0390413718
0370867413
0898419061
0382490535
0375032366
0335577597
0349448074
0333651551
0843934611
0382627964
0335177911
0388335735
0363465749
0974340252
0701549857
0817166002
0827669231
0793112057
0339913149
0333341190
0818796945
0361169052
0787468327
0982690232
0816125136
0764020894
0359631431
0978528937
0889384126
0365450355
0779260702
0390066191
0836240675
0960299114
0978230795
0326646322
0830710515
0347780386
0850840102
0344338414
0384150095
0331750932
0382905741
0933342788
0370078724
0761866445
0391356686
0384080647
0828560248
0979151751
0763154109
0911846219
0936925168
0393937253
0391348270
0323442880
0787116927
0900849433
0798853631
0328410836
0380486098
0817960878
0884610117
0822083986
0963573826
0704103528
0391514575
0348513900
0909613489
0768096473
0914121365
0818818576
0984370158
0766532651
0843779628
0814902148
0890933590
0814587051
0833860229
0964045196
0975736932
0831405544
0815922316
0329830600
0329048552
0379108002
0819958607
0366332634
0901541240
0897125495
0785227691
0326478053
0779250523
0392180184
0852053602
0848081737
0357142164
0914377490
0917058075
0376800449
0762368618
0770360783
0322416355
0706729753
0943655164
0940668183
0364784951
0841375084
0981082988
0845619868
0796357431
0782196116
0339271303
0798990140
0708137034
0839442802
0373348161
0795566341
0898336627
0790256583
0979376022
0323729795
0846792839
0970554577
0760998436
0887468946
0324516134
0330728092
0917337840
0840844363
0398991749
0919461044
0376362471
0938272274
0770750193
0767641216
0942370677
0702487445
0368705301
0916848133
0917546170
0783675239
0367406142
0350619452
0831810168
0880667375
0392283268
0365429884
0781419239
0985340424
0816288381
0821228754
0979267918
0392667687
0903301428
0947948168
0892578510
0841623229
0845806725
0333046538
0980440737
0845702835
0354280812
0837185885
0774426323
0966279162
0793655368
0979173935
0387214352
0709913145
0965230626
0848309179
0820901932
0822614193
0796998632
0388861552
0363014691
0853973756
0886037098
0372230268
0817056616
0356578065
0769655132
0963865396
0364095330
0899577344
0356564150
0974829153
0975846887
0837677184
0786920498
0347357660
0829795007
0824863582
0825271597
0899264745
0353599260
0853196525
0811180657
0899368124
0384500990
0397597254
0337957323
0350360240
0702029699
0983115767
0777351375
0783812755
0815733811
0769585929
0792976182
0387860396
0900854209
0893563240
0386056930
0324548579
0919264786
0396303562
0856708460
0908294262
0384799883
0780076153
0760524280
0375301740
0943349982
0810574584
0987744966
0854042524
0816550415
0818918027
0858557195
0769021830
0911945346
0793873552
0322181363
0916088750
0343031546
0384907041
0880405471
0795496936
0826954022
0832230257
0885604490
0322117843
0702408335
0706329903
0972752136
0837018867
0987007183
0894176310
0321598316
0913634866
0395247564
0776255134
0933427874
0354367162
0849008702
0831822646
0339637100
0826025344
0766921177
0817281847
0397842204
0819227409
0818323870
0329728010
0852587557
0373667758
0902993152
0708971474
0933834808
0898675887
0384632898
0780894317
0849838786
0782989756
0704810729
0857327929
0380591045
0887621262
0906273750
0987828152
0847952996
0833958482
0334114128
0372117672
0331505273
0883275347
0971487301
0853206600
0384939891
0701856946
0988065308
0919968715
0919651626
0784237963
0854126832
0355706985
0357499151
0974694182
0948644751
0945070354
0936489815
0882460694
0761368928
0828865981
0702782872
0944423096
0383681162
0771386682
0919045864
0350290472
0828052124
0336025410
0979639119
0798115354
0812307375
0893759574
0702934793
0885474559
0767148375
0706046231
0382912134
0815148891
0918395651
0399483176
0796486353
0831981593
0773700465
0939802453
0968845293
0380917680
0949663077
0797177675
0334708770
0760334028
0362717561
0900745716
0838726360
0385978580
0335705688
0760355758
0325524559
0855377056
0705845074
0933089316
0963104932
0846141285
0945208573
0910471674
0370838464
0813063303
0339985957
0378879268
0885183299
0986424486
0812718675
0331059311
0384926531
0854292509
0844887315
0377494180
0830503176
0777363537
0773461574
0836887821
0368602052
0789227532
0334684728
0859372045
0931188563
0819242209
0930431400
0364770428
0354796115
0393769305
0767182930
0339037112
0365019856
0324657034
0823244883
0834721687
0985698413
0360680157
0797158169
0376179569
0976508829
0388561524
0829800219
0899585706
0340973477
0820106260
0330846818
0978344047
0349060191
0933391048
0840230022
0772932290
0700304743
0352084104
0788196716
0363539573
0822482668
0841158415
0837409622
0898655081
0913403795
0821525385
0905370515
0382708298
0778828187
0363304828
0906705475
0892855442
0906822164
0342045873
0824635717
0341932952
0905994500
0337564098
0784495863
0709504135
0833258283
0940413501
0961661445
0705655219
0911549826
0799326465
0760241466
0938569962
0842998057
0377294593
0347749559
0792983646
0782507381
0919681400
0910021563
0944018358
0980242905
0706714885
0817811950
0947237102
0371087764
0936626397
0323565727
0376823693
0907843802
0946009293
0947088032
0934005582
0961200238
0901684063
0979577146
0847065893
0915708058
0828535255
0820562908
0936616933
0815875337
0882090455
0377766853
0361312145
0969136943
0966183906
0989302494
0321752033
0330150791
0932201323
0836369501
0825944791
0367135655
0336242162
0376176904
0907517662
0961975091
0794739938
0893463407
0977215358
0887059817
0979050161
0779599174
0938149966
0831820102
0912364399
0765145799
0967380520
0977933905
0889981632
0769117118
0837769302
0893004656
0977293486
0382477563
0338641196
0780834612
0829767046
0939986403
0324585282
0705363085
0791628228
0937602397
0702201942
0826232785
0987995844
0968085545
0773747647
0765846929
0780095576
0984870225
0768062460
0914968813
0767526801
0915661039
0961977043
0350673661
0904836550
0396250552
0780082717
0900759095
0906566039
0704254826
0813593365
0897346360
0886618155
0944779037
0320670661
0907268659
0815356851
0941159459
0707750143
0772073152
0963036835
0397883394
0377822936
0396266773
0324068824
0346514339
0798541129
0856487066
0765781770
0918061805
0822897910
0787619171
0822422061
0969451657
0983368758
0851130177
0379958427
0704036489
0820482454
0849961825
0843228225
0945705298
0943824484
0823866570
0702127498
0375332684
0761177446
0889202809
0854785638
0345650156
0353575135
0816927314
0334577469
0930391141
0791872535
0827800476
0880689602
0379040116
0330591849
0796813865
0335044286
0709293183
0881514622
0989952014
0354657206
0916048451
0936164553
0819172128
0348235250
0774996309
0373994254
0769813510
0975573492
0370332457
0782782417
0825265735
0337282672
0965244807
0834052641
0369030097
0933738905
0846162919
0882175659
0326620691
0381550194
0707975396
0393349200
0791866769
0345274124
0343685683
0937264580
0763549894
0976534092
0978859811
0331068571
0823406980
0774907402
0700079254
0933200969
0930436275
0845212489
0762034002
0828211524
0936021405
0962661875
0327366849
0980526178
0961733425
0341309938
0381667954
0899245204
0858809471
0908601608
0888372809
0814162775
0904179581
0703900228
0901781852
0846990168
0396700237
0706901527
0902203847
0702468002
0851544797
0762283798
0833919479
0355915251
0359108614
0980976943
0346943791
0381713600
0384905798
0798374384
0361409061
0885634281
0382933424
0394460844
0964391516
0357358044
0392758548
0989792900
0942064856
0393203404
0960663759
0334028250
0988466113
0898930272
0703995440
0334313412
0975287880
0327216850
0898502060
0970080316
0914251823
0372150308
0383906289
0395410944
0839094995
0791704617
0785767095
0814674090
0963932944
0781913821
0971716701
0918359099
0770289469
0916993365
0844050405
0886624703
0795837761
0987239748
0347571709
0849066578
0336087161
0839669984
0887926403
0343473814
0884216155
0894840255
0796346721
0839489101
0832332933
0818740344
0390813253
0984794508
0707827393
0707700594
0377317968
0791383980
0779559524
0383084476
0383566377
0911988793
0939512477
0935731415
0774110421
0859930979
0789299563
0397396081
0906575286
0816421718
0705865929
0972182151
0813239984
0762364831
0709847997
0910258801
0369077627
0942366219
0763390130
0844762024
0885763823
0834621206
0964404663
0779830370
0350385243
0768648068
0381619117
0839784317
0973825090
0369364161
0397288649
0359747589
0975039474
0339978355
0977996237
0341716621
0885580680
0381997660
0967325317
0839259314
0965898262
0986064068
0330533688
0345106525
0830257995
0919508586
0822509605
0857110423
0979341496
0387270713
0395214133
0787172776
0321884606
0988175417
0797342598
0814059601
0905928962
0819725487
0814169819
0350797511
0369038603
0340301315
0342717244
0912263494
0840185211
0891939154
0786552573
0768500746
0326362801
0771735243
0370317791
0906619240
0373100854
0781760468
0935965355
0325186281
0762337640
0790351169
0822510311
0884696113
0761577156
0390690784
0796973282
0905303320
0769658616
0396275149
0325192855
0979693885
0824542154
0783630022
0987667449
0908385709
0930014961
0880312446
0791981794
0361643441
0351457686
0982639247
0822542805
0829571022
0911668500
0987828679
0840401051
0987106716
0838657030
0893352557
0340068116
0846377908
0776107273
0384083435
0975531533
0841940683
0834187803
0396918175
0777106212
0988827852
0939461273
0823852743
0937531736
0798746126
0760635159
0825956075
0811608903
0961408482
0764866070
0773638249
0703363115
0705133880
0828195020
0893966323
0889396450
0898916619
0964397204
0820016056
0788570659
0971834288
0900298335
0783696524
0781790892
0331328962
0391265719
0984859036
0851019049
0947663791
0783969856
0811087341
0847392414
0880159842
0764508293
0917380986
0895647832
0328588746
0899195091
0334385619
0786638360
0330375545
0367213296
0935759491
0832093289
0700539911
0970020825
0966058535
0763675882
0704883435
0767841643
0942472852
0989082398
0939540875
0382653756
0344972499
0366614628
0378236869
0988565997
0912411778
0778482883
0899606536
0899185481
0905514119
0336851738
0976178269
0359403122
0947962814
0896092900
0356353772
0977829346
0369457880
0850332267
0847166595
0388182279
0977885496
0380647923
0853856524
0898019435
0822958918
0709070336
0816383757
0320025945
0972760516
0393610237
0982140974
0942154725
0961229809
0936199047
0963144214
0355749671
0767359180
0377304880
0793802447
0894082373
0326118808
0938078385
0701080095
0356430193
0791209963
0829513634
0790075519
0341878031
0766639442
0988902484
0770035618
0966337847
0394168453
0337256979
0983682471
0966084427
0392964048
0816625126
0986045100
0321941393
0368829217
0837398109
0949236517
0775288122
0381799069
0914915103
0907583168
0948875728
0850539524
0367057631
0377875893
0893726409
0349189156
0821658017
0894465241
0827250468
0987048557
0989724300
0940025479
0326104300
0844127861
0841038139
0390840556
0816258906
0351243813
0818447044
0980105542
0903832305
0839615513
0389207311
0388925544
0987261134
0938208589
0377244220
0703198471
0366377152
0838672047
0819315004
0398226564
0703973027
0796428260
0840484922
0321425509
0371956859
0982671001
0707971702
0986249856
0984103558
0784854024
0906775501
0362652986
0855424187
0369401828
0393955419
0961550841
0387399217
0975348169
0984267642
0818569279
0330058924
0780134877
0835316907
0881006814
0904925881
0384794665
0792486995
0373548247
0981447029
0360771412
0932983785
0829353306
0817089060
0781903436
0824431846
0355596095
0910313974
0948130924
0814908918
0851155076
0937102215
0978021304
0930218646
0707697732
0980271435
0971582177
0964510697
0829067187
0364937599
0980894521
0853981740
0841066870
0365902137
0361974969
0388604795
0397487594
0912728031
0346347957
0320850164
0335975835
0369984904
0365736937
0915263808
0328093689
0814387165
0783651575
0782198145
0345308970
0385804843
0915316447
0974211291
0360731344
0810918373
0845195496
0933066445
0797691855
0908040050
0853550926
0828193671
0818349315
0840450188
0821942091
0709142217
0851668343
0343972350
0331371815
0355183801
0335847140
0363242917
0901927330
0966120904
0789529431
0933148244
0969584279
0782216280
0932490637
0362918459
0798068809
0965051611
0377975268
0885972094
0762872548
0858539177
0816472921
0971165681
0334742458
0896337502
0765795967
0822624124
0941647954
0770582772
0382916044
0881406048
0968104767
0824140664
0320693249
0982081575
0987045734
0789334196
0849773590
0357737858
0887139363
0791715448
0836461846
0912297754
0977354577
0938449148
0902259180
0824800141
0385664504
0322392615
0328752332
0849297596
0841647264
0833783411
0989093239
0345178255
0810490377
0794470861
0917110857
0901903778
0372495841
0373504902
0786805146
0386853072
0814271655
0826746886
0942335490
0701751627
0330810435
0705408113
0827322312
0390497587
0700758092
0935868489
0915973633
0777592056
0707013108
0909573918
0344618003
0987455804
0942640138
0938450272
0886740814
0946602560
0338246353
0365566580
0399918446
0913007643
0812005948
0930714782
0788869153
0818849910
0827588640
0328668954
0394243741
0882287792
0793220246
0832738067
0840672304
0798785290
0895827213
0845653989
0381769211
0909754963
0335521962
0899637863
0352024705
0762554075
0906266253
0795457506
0827761104
0397714037
0709746672
0979689055
0828485216
0796634921
0932257153
0843320197
0835119240
0913377402
0764773121
0895692372
0388943116
0940560065
0343376903
0884090519
0786597330
0824683256
0858595868
0791874354
0821804195
0379297197
0775769952
0371412264
0898954116
0896193729
0332699206
0367013550
0967929359
0397913118
0340590041
0705588322
0820735588
0390108036
0912488436
0988479784
0900407284
0893035147
0946284514
0785738525
0369323748
0960685621
0374415388
0886303437
0781660323
0888047226
0350348955
0327088095
0376298273
0321260798
0961807442
0798603353
0361392692
0833763866
0937382757
0794112113
0911360082
0707803465
0987228296
0333730219
0894130852
0372926605
0330074009
0909074935
0978325719
0369672799
0918785363
0985403397
0907562952
0819218200
0827785288
0373573223
0961382135
0892822165
0766809591
0940693590
0762904897
0852091221
0845874430
0371137726
0377636092
0987033971
0376687315
0977518280
0830440347
0985026346
0938297388
0382305913
0794536067
0321058905
0902272303
0962056423
0706892198
0780856127
0827690072
0944734756
0913596258
0930267326
0909208399
0897340747
0346924490
0852056460
0350390301
0838552422
0902908001
0778157615
0787918671
0830089357
0361158684
0830295009
0931771376
0379266579
0846511326
0896945359
0797613297
0357744645
0848945480
0882571632
0761354604
0822296672
0353148408
0830801815
0358314282
0379474303
0348546255
0326468522
0703250843
0843508535
0704784579
0331439644
0341973313
0829767047
0352784240
0398682300
0708985196
0380690600
0323761663
0846270906
0912002804
0914309682
0355738840
0883445595
0340878485
0376091787
0767586915
0828463150
0835615770
0880069960
0375121658
0760585523
0323951002
0784610576
0335280410
0814980944
0779357923
0965970718
0980214811
0343713371
0368735669
0893112509
0840088025
0320205338
0368759132
0890300663
0350603296
0837689688
0835084648
0764371076
0362213576
0970697066
0342795184
0789700362
0858275979
0910481827
0338094096
0705818431
0887383965
0775503610
0948119533
0937625640
0837931884
0856042279
0338583263
0888820746
0979138706
0946603028
0399794734
0899821606
0371830279
0987016908
0397923089
0342589889
0889263079
0963147109
0964578131
0978291496
0966826063
0378860598
0930394842
0770068008
0944492018
0367911029
0389961559
0974092728
0978750214
0328780729
0825094938
0707225994
0819109846
0897399007
0980712879
0855356863
0794879091
0914587738
0795798054
0965940370
0946419691
0388392303
0912395273
0970773803
0974372784
0344010972
0830474041
0857925589
0987458899
0881785878
0945029416
0356320357
0977337411
0704476449
0821979002
0911603028
0941837367
0343763625
0896962334
0787582322
0333663411
0884112252
0384875879
0976606287
0394773849
0347632683
0941107346
0346589133
0983318254
0853463126
0899805683
0979641884
0771433997
0397836272
0814531820
0784479097
0965496953
0776095947
0374169740
0370742829
0833352714
0889832406
0899754741
0895284511
0898360992
0858648614
0777309062
0369905797
0367294505
0943849264
0948339900
0906899117
0977493533
0787358679
0826192251
0883723606
0938039130
0779189689
0900493185
0972820078
0377802747
0340041156
0966146648
0387807296
0388845331
0976815824
0978054748
0974386217
0788851658
0890625033
0704437430
0397036790
0372684214
0774347646
0795287479
0893588657
0390834429
0880086263
0818620539
0935264797
0357251472
0930998609
0962636243
0370306037
0978295395
0794638214
0773159980
0934851793
0356730290
0847946258
0355577260
0821035685
0853034759
0376776883
0773034713
0812505806
0890085232
0321349416
0358739028
0900992490
0709684720
0901052873
0889726964
0370484542
0795188371
0825036773
0903064229
0822203371
0342659774
0960154017
0370205732
0849368479
0946644082
0378952534
0893415646
0321595705
0332771991
0883681532
0775364032
0787409559
0979299709
0965879143
0918898051
0707505109
0793204539
0962700177
0362025799
0341317705
0945230838
0702239346
0850427945
0385702580
0930862302
0894521338
0969958331
0829175343
0767697106
0799098872
0894659348
0967057127
0888436714
0827152098
0329053646
0914871705
0908213124
0986101748
0787477933
0933081094
0341478166
0969891533
0980452332
0709869587
0975128714
0889969787
0820814784
0895840604
0322910034
0393135255
0895391459
0821379908
0793257622
0786928815
0968784255
0911327747
0324216918
0932870887
0333225826
0707038205
0794461679
0895275708
0382434881
0816726302
0381863605
0320013343
0358510029
0358712674
0389700352
0327510267
0358351542
0852608559
0327648185
0969756581
0905067028
0858271912
0846412292
0847080492
0838695037
0346775459
0396880593
0842976756
0777976772
0889170993
0853377256
0962134655
0891047094
0887564871
0799641403
0700907853
0334085215
0965708704
0989511426
0824643370
0799948143
0343063326
0984547606
0982586679
0912843034
0989774827
0943794710
0822374130
0397797376
0792815377
0340290921
0356314051
0370569547
0972058616
0347296116
0343938430
0377515592
0702682877
0859492252
0820582219
0977314128
0947990685
0827590945
0331974860
0823119025
0949359024
0702045468
0370402252
0786288601
0903602717
0386904939
0358187135
0899076641
0785832280
0826277647
0828022414
0911129416
0813063385
0983972747
0934608252
0394633944
0341894927
0886986725
0770871296
0810487840
0700814202
0341088945
0361463282
0797220793
0781550488
0967709162
0981278690
0814517838
0388409521
0851842680
0912956577
0780174052
0396296277
0776675238
0352810532
0343841197
0987697174
0779186168
0368083858
0340688926
0989742644
0760826964
0389525084
0972298649
0331260647
0963713256
0970744513
0935545073
0900309762
0960883864
0810889195
0961034216
0700291266
0931724825
0961853249
0905507937
0817990709
0844807310
0824197825
0909774539
0702339286
0967794613
0351318030
0765831626
0794907176
0360148059
0707511378
0389814455
0910438706
0393847214
0886089601
0338465042
0908170874
0934130047
0329051589
0377390760
0838983175
0332057494
0788557488
0988216293
0904071669
0810759705
0969243580
0790212798
0360196167
0347174518
0332737951
0814308105
0366942814
0883306415
0916080244
0907095385
0704959988
0376451327
0883978566
0706848384
0852577457
0977512130
0830778092
0783651920
0882779926
0358392798
0905843462
0377810326
0359141869
0382170863
0983880337
0353576489
0366493679
0948160532
0824835967
0788090329
0890522559
0349670337
0327852906
0329744776
0982736420
0972216708
0399172634
0915624018
0974993664
0399661862
0962598670
0820526641
0357227798
0371354204
0836779810
0944164010
0943635500
0810615066
0897394836
0708918318
0838566115
0938579275
0383488758
0814604824
0935043046
0707996025
0329476235
0823935755
0900523613
0978775957
0330883887
0962024060
0773062577
0974822840
0788630506
0834844054
0904205881
0787735566
0704918343
0708758162
0827473705
0937154688
0348279620
0939378154
0323248372
0790513732
0340571288
0840261201
0914010790
0824484013
0336451509
0964675410
0893465223
0829395314
0887126486
0822208593
0895593133
0703822833
0983403661
0335295278
0822296054
0361830349
0965292016
0797087982
0760760680
0781224452
0947965377
0841179838
0798106192
0847260316
0844760116
0933040331
0796759559
0339577440
0912453610
0839863161
0766053026
0705743359
0795028468
0827918339
0989369114
0979346015
0790218495
0829815409
0396163526
0334520598
0321651578
0784233635
0380262392
0918586605
0354052790
0385626896
0375408811
0904558594
0898845800
0960857780
0771655753
0851904961
0970164364
0370965073
0379629726
0937530069
0773314751
0787365969
0794541083
0394934106
0394665831
0795530089
0812751033
0855246421
0814436884
0321655990
0970359947
0369913910
0974734486
0817194339
0340168673
0372153380
0367751949
0325721131
0335258174
0327905652
0986372730
0787502526
0985614615
0984749119
0792589426
0769228137
0392110569
0961960211
0936081866
0946239828
0328105018
0934965908
0324196683
0798049750
0919328835
0844014914
0943410119
0984221320
0362909831
0973965311
0832858083
0966843692
0984356266
0376244193
0960372306
0812068520
0916030995
0979953316
0938358324
0909584125
0387312633
0883858642
0378289512
0788950215
0829799630
0784121528
0320975502
0960472681
0369891548
0939530812
0781634721
0394381634
0838735394
0364518982
0983928069
0880948823
0882548057
0897536104
0393301894
0813413311
0840072081
0778232869
0332371939
0366315428
0934483262
0859414991
0775244352
0947289360
0379110518
0932159496
0707489517
0770993585
0787080283
0909356414
0701613346
0988913044
0977593075
0787245518
0347275386
0335120553
0769382859
0836841056
0779419120
0836181269
0382034861
0700961669
0910529459
0761496860
0933700440
0840460945
0358810337
0788457769
0905003070
0890811639
0784872328
0328743985
0700730963
0774919584
0856591176
0938022054
0819837194
0980970829
0773970656
0914590913
0786279931
0775916158
0362179435
0347056983
0372814644
0943740741
0987750885
0844382069
0780174227
0885102524
0799891436
0397601475
0975993673
0820764363
0850870769
0945472139
0949364458
0326280790
0834685908
0374389277
0819375506
0347955238
0389147054
0853198027
0939460884
0827297672
0880675873
0395699185
0891642385
0341688462
0798621910
0324943907
0763751863
0896170369
0982943462
0974003586
0976758891
0329943370
0361412565
0377372788
0780877488
0816570104
0363275427
0782112530
0326428849
0973804557
0332583915
0765166482
0978108724
0836357477
0335753138
0355145322
0777754738
0811675856
0897827594
0888412283
0890417416
0794290925
0353797710
0881499320
0702903629
0396168962
0848059366
0852690459
0708573663
0820636762
0376704496
0820770895
0915769743
0880755988
0857490431
0792118795
0891744652
0937956506
0964898519
0812917146
0938153820
0343099675
0840699188
0941406930
0885525051
0901491994
0355292830
0334961705
0986907200
0822862299
0788335384
0797918202
0889954899
0916496259
0352546554
0786372647
0881580238
0848816213
0386226689
0323897721
0782618041
0379830047
0978499190
0345251395
0971595795
0763772033
0845562842
0339271484
0974295595
0390557046
0330879149
0891938514
0835740590
0936514354
0764091521
0388353964
0385401390
0908943004
0894485667
0919525462
0769382189
0336022980
0880390489
0369958944
0828795383
0902499787
0988474414
0776038781
0393755245
0797003287
0785019258
0790658792
0776384453
0780670577
0964828797
0381704610
0983406204
0984076890
0383631378
0364184288
0775057295
0376448527
0333559279
0972470163
0798516942
0844287840
0947886359
0365712443
0395846352
0961126533
0356287170
0919409381
0854180142
0892155934
0397825101
0333154577
0348593139
0792435146
0842976758
0859514932
0391720266
0794863344
0387532927
0843174699
0859816637
0770174582
0792915283
0354702847
0771522591
0902278739
0385819781
0322241596
0355714635
0397332277
0930940374
0336441021
0344503110
0397047491
0790667717
0979653611
0827608868
0943941106
0897462356
0349275391
0766564236
0788564803
0339691272
0786655058
0967413520
0760706966
0391052809
0973650842
0797942982
0347966843
0961488624
0839394258
0979407390
0354979056
0968015201
0895910648
0799859112
0345870936
0901685869
0367381156
0938572570
0811603427
0892738140
0849218473
0888248688
0764808152
0837156073
0821417223
0772749921
0769529709
0769273423
0350790145
0391507046
0848950782
0393874783
0322116533
0967088207
0842874945
0795305173
0377248006
0349518802
0910248840
0363644313
0334751949
0330856604
0856521168
0788487349
0974810868
0831134400
0975296249
0328682664
0321972266
0395711372
0881523223
0971874613
0968644869
0969511953
0964981547
0349403003
0333718313
0700970519
0909671129
0883359077
0700923523
0910698416
0397947683
0931587536
0912557155
0777183439
0827072203
0367143303
0832495810
0346098081
0760364193
0930754504
0911004269
0965393346
0369283015
0968958305
0889794280
0856185541
0915505248
0810359579
0897752165
0397864622
0966172277
0335686369
0982403050
0363938924
0702446371
0393044510
0901318425
0760982214
0359847598
0783348733
0930537736
0799467745
0824457505
0769018872
0909562656
0913711893
0353425533
0355280649
0974709526
0781178018
0334780451
0774914310
0977256551
0783936377
0880369916
0766802076
0376679683
0976458695
0778335152
0789839286
0369143690
0397409831
0811747116
0796515045
0352258274
0973489046
0382458137
0834977342
0373202453
0897542842
0797647244
0971827116
0347159317
0978141299
0384278867
0930072122
0385493630
0386671443
0853820388
0903205175
0852064658
0347349731
0948529266
0348873824
0933490518
0949317046
0984601799
0358047296
0817024513
0701344201
0333899627
0889169803
0358796194
0901753914
0881658661
0985614436
0364773403
0828735882
0910979683
0975068442
0829084582
0824258723
0786001433
0321564693
0820658720
0942918402
0916318053
0985476423
0858634763
0324958178
0892488264
0377949761
0332925969
0976206246
0785392445
0822712749
0366220954
0963652735
0786527693
0882367385
0708421504
0320656681
0706951006
0915803649
0854672313
0893906807
0895796476
0381513167
0812744908
0898540982
0767001998
0708031815
0770843668
0900142566
0816353736
0985895634
0776317082
0777677117
0832516856
0903376748
0364264705
0780814312
0907980586
0784841679
0389550875
0812079262
0947997019
0784932944
0835246009
0829717993
0823436624
0942523877
0774483526
0365780302
0777312823
0700769661
0380251612
0397969829
0371032682
0918759417
0770027346
0838581909
0771712452
0760143545
0764082758
0888801454
0835702294
0333127045
0367561124
0346239014
0822546823
0347932242
0779246196
0899135764
0851063500
0900986984
0353562974
0345957556
0813574196
0395038921
0771787934
0988337324
0947059028
0901710413
0831731880
0341366754
0848657761
0345249912
0362896138
0976680175
0847717017
0373804481
0761424549
0373314558
0352944184
0762243164
0814630544
0933808873
0907156593
0760373878
0943006231
0854215500
0818758518
0387055694
0948448153
0398231004
0835182488
0887589498
0761676378
0377418115
0372819147
0386343556
0887386648
0348226710
0357514134
0970630764
0881779104
0903309519
0399978325
0849089581
0936272008
0961763256
0701713423
0978010270
0356195536
0815786404
0882269519
0823837022
0846682520
0321388119
0372496734
0388348201
0349115803
0813738715
0900673724
0762371318
0935475398
0937255056
0367402406
0781683132
0329246704
0843720446
0899371593
0833278461
0396244632
0939459529
0331810393
0980688202
0988230159
0789268619
0788118566
0323495830
0358113007
0938090890
0885905996
0374502637
0812720196
0369381257
0357642040
0937673364
0981784583
0979065860
0905048801
0335069583
0964134369
0376934358
0393536956
0394991325
0902087254
0818906745
0768297032
0833028521
0822253261
0961694119
0843890098
0831042125
0948672114
0768499681
0774124690
0359745485
0968110863
0854870916
0354037697
0944341681
0360631165
0899747983
0969626919
0770083308
0840425664
0379351926
0388561187
0932689859
0394885960
0345699325
0888200131
0335608901
0858981384
0820934859
0931325898
0379140677
0969062094
0890285086
0708667223
0967174864
0366901537
0356405581
0377568207
0911529439
0967093300
0787385591
0899008695
0348672114
0707727672
0383329901
0852213443
0769698900
0981881035
0350615290
0840796282
0389272039
0336534245
0812055076
0769916256
0896852489
0912802815
0793489164
0358354793
0933827868
0825629052
0322735107
0826744045
0322377102
0782944213
0853854466
0789610477
0976579258
0969974696
0364591958
0908655840
0935880245
0781713313
0829058139
0811413971
0962901580
0905130187
0799355838
0356521959
0351385570
0330270968
0881099400
0381872751
0777799011
0827249149
0882897828
0896532991
0761335022
0911647722
0707202609
0362071895
0837605356
0938164806
0848877601
0829613705
0336832916
0760536671
0338362561
0777206159
0916137046
0370802653
0943416420
0974361376
0374699587
0930623246
0988512847
0769801384
0854903048
0933525119
0892640787
0843525864
0900474510
0917919063
0880564854
0967034213
0968132464
0934880066
0778703155
0912643490
0896936742
0384081973
0989569351
0832492152
0938208341
0766276332
0377019280
0837083132
0880488216
0775022198
0351319436
0330806708
0892589182
0900539937
0936270283
0790476131
0321774852
0918450528
0366872844
0763170548
0979130668
0704084939
0833511961
0936584582
0848842866
0855053781
0833958560
0897816518
0831962877
0847511587
0973922748
0820172489
0399836728
0705779507
0774221494
0778330701
0844627691
0357408196
0899495846
0889426522
0706205212
0985977993
0382298669
0703550554
0898126089
0775279387
0336107003
0765271844
0890783119
0820676438
0769531791
0387224098
0346680176
0948271871
0937631446
0763986589
0760448460
0880261171
0700019835
0907962782
0949421374
0960132843
0320533166
0320518844
0853021273
0373774609
0365129121
0326429549
0813703626
0949985841
0387515761
0979742928
0384105711
0345694346
0357079624
0972153806
0970721525
0348401129
0974742875
0886040115
0387506395
0335057414
0396702799
0324390535
0700074903
0345748528
0943220287
0976826452
0386187224
0335687254
0347967290
0793008682
0389467198
0849118437
0792032750
0762689097
0381077619
0854183311
0829746732
0913526332
0351182393
0706199450
0390141632
0833828066
0935759790
0761323601
0798829088
0795542712
0939273621
0782893189
0966407966
0969822579
0779658644
0906881411
0794801377
0385714818
0916632718
0829986558
0960359833
0968899609
0359780643
0839022935
0890465561
0785174361
0773076612
0373844397
0323640526
0960216255
0834101386
0779451283
0774649129
0945396743
0377700871
0970034167
0900624798
0814518318
0357088659
0830064807
0939692130
0962152417
0881885472
0325513425
0328497349
0817156441
0889708059
0881214042
0352818451
0938546507
0834091004
0702755866
0348534086
0967570865
0939471198
0933047307
0935024065
0982477992
0850103755
0821761022
0772599240
0988853553
0835707261
0351782252
0852143487
0822598485
0960215892
0858439489
0791246195
0931764743
0910598545
0846943812
0988008276
0854308244
0944453236
0855399634
0812403952
0380559970
0930811502
0799600524
0903163034
0765792529
0812833423
0394843048
0701083018
0894828346
0323281157
0383937258
0332749477
0848953745
0388694188
0889054117
0390250288
0983832453
0853651050
0810629982
0982563159
0919841768
0814357952
0827391454
0826629573
0781429430
0827757862
0898457228
0701323793
0986006190
0393503957
0357076329
0783648606
0841254644
0841702899
0766632569
0936933492
0916260802
0984142521
0829366305
0784602975
0399213281
0960421545
0989782442
0341760039
0387162668
0700713446
0339027049
0847042669
0943097608
0984250446
0701090108
0839975175
0346099326
0857756280
0882183971
0981706737
0902327418
0370550211
0372329261
0780954431
0885063133
0343124289
0382374344
0964547514
0845172548
0760053966
0341721816
0970964269
0847183158
0799195960
0348257998
0398745019
0383713180
0884505760
0968068253
0931409141
0975229965
0915786823
0704821772
0907695143
0386452075
0886457455
0884502315
0831363702
0965772306
0393147089
0325992450
0966689631
0784880949
0986002841
0396562891
0703486068
0341501375
0328115512
0968407572
0791459653
0765152443
0966896074
0989428575
0858795428
0849588397
0336083671
0846425030
0796228549
0966561019
0946859734
0368128899
0795322183
0962253429
0773948951
0363283148
0897231514
0885236174
0770330138
0850534850
0381537450
0837274594
0854794314
0767080662
0321844885
0932265560
0896483581
0777935083
0905835692
0360197330
0787958229
0390526302
0338459725
0818365951
0768918365
0834117406
0933306330
0778536403
0701550748
0394240903
0383757355
0847149262
0703591128
0334508364
0911397384
0883161220
0910561174
0968291580
0386029188
0394342796
0969902527
0381308379
0704183884
0780822957
0333255705
0838217195
0321860049
0331214166
0385917435
0707544142
0894709749
0905849119
0980850932
0388368238
0880490314
0343205517
0936874518
0352639858
0979864742
0359928608
0336005548
0333622949
0767075010
0829522132
0385667497
0812609932
0822731735
0888572741
0915597315
0779126706
0947522092
0854209970
0910680842
0980749010
0969855042
0380558689
0338894531
0789304713
0789158494
0964406133
0819072470
0386023319
0969339866
0914205393
0385716191
0894080490
0392297667
0338377810
0931383155
0326589134
0392674822
0982396608
0369384990
0969413947
0386852354
0850452516
0904014422
0915349847
0851565055
0989504684
0890912633
0704874084
0898605914
0761307497
0782751095
0765325140
0792569924
0371628498
0848613773
0933484391
0961294503
0353864267
0856697542
0819528195
0966247564
0852058155
0886625623
0970218574
0373816611
0845019675
0388558926
0899474249
0783825545
0836369328
0853176380
0945201504
0774436341
0374817253
0983975343
0902740475
0881408569
0367014887
0944503829
0979150793
0323930820
0887640830
0985913905
0763858171
0816294854
0767406035
0335308924
0388845569
0761097604
0380283065
0903713912
0708131014
0852455902
0881954460
0917248817
0977003698
0855830719
0854782142
0769404710
0707492846
0323619237
0895883545
0799450624
0939881186
0781753792
0895854599
0988263882
0372257314
0773775291
0848736026
0760332075
0931961749
0373398221
0968843692
0938267483
0884890014
0905612545
0358389139
0934754157
0787830522
0970269338
0905088366
0329906689
0829313604
0972916801
0353771169
0397804370
0919903530
0899829629
0704253924
0326140662
0326673760
0892768796
0849681051
0932803302
0391723326
0792246947
0825640431
0965193512
0944643804
0911788705
0930639901
0779395871
0966834091
0761842877
0777807224
0780457208
0977752643
0375862692
0362139515
0703242998
0382293532
0705560687
0393101377
0961254917
0983538162
0367286416
0961242079
0913323937
0398068925
0783969465
0916658893
0356329122
0940900920
0817487249
0828095172
0787033960
0895716267
0888297689
0786294391
0816839184
0892922178
0787487833
0856927548
0915335107
0853790392
0320767065
0324620899
0374618457
0341394814
0831684852
0381319571
0345524685
0897302663
0388481898
0384262087
0783637354
0965487140
0333077104
0967719670
0941574943
0706803302
0352061701
0973704115
0989074739
0350854002
0321928615
0971341160
0965872256
0830406265
0894096687
0799096989
0389471001
0791367720
0707182683
0885932262
0937502745
0911318178
0387232084
0778570145
0773243486
0358927362
0705837914
0903200241
0700637808
0978934221
0793199622
0886536629
0371064135
0344053940
0841501936
0381522536
0857291782
0971639058
0383291298
0962080732
0349542899
0833760952
0774825080
0336658812
0766604970
0899727419
0327827969
0986211638
0940657590
0381179926
0905350735
0704799739
0767764589
0818371970
0941865905
0919651105
0357238726
0978275717
0767131994
0973307626
0823690641
0890426216
0364471381
0934629539
0889318145
0895807515
0919293488
0850220018
0841907116
0856228549
0770042684
0856418198
0789475169
0372879324
0839230257
0848184385
0345919627
0933873947
0386295610
0350534184
0977933967
0961647058
0948376216
0981108373
0942662679
0855704053
0931195285
0760891188
0701909691
0777701864
0916046496
0364787096
0386684195
0850440362
0852680019
0972297341
0978167740
0781644378
0880846828
0332932870
0939408669
0983957348
0777483728
0905307861
0321138961
0930885990
0350988262
0961881842
0904907042
0839582077
0832826773
0910627003
0384541391
0970140815
0892430466
0337268465
0394930064
0340512133
0835427791
0767717351
0932019151
0352570939
0812369074
0979591857
0842752385
0969046426
0885793260
0896421535
0949320279
0359168205
0852783078
0893720059
0949013766
0968443142
0789545124
0339588013
0322871052
0974474482
0353585064
0854913156
0916313905
0913038650
0327448496
0775448248
0377033206
0817953009
0793072305
0828891627
0325984110
0893044212
0932802180
0838246215
0331512782
0915621252
0858626420
0932593757
0797843168
0782596240
0366810457
0370682134
0771863796
0841143104
0906142265
0364921920
0762372512
0973558176
0899884360
0831381830
0912359919
0789651793
0948584672
0965716470
0882004863
0372073796
0342248441
0970079497
0760985961
0932282650
0375051570
0938714854
0880190347
0776921501
0707713156
0764835881
0982318701
0810179493
0948354607
0890825829
0377930180
0937532941
0932476853
0846332975
0989368974
0816051273
0898278620
0919508152
0898560343
0833868338
0975697981
0355215755
0945426501
0778019097
0893931729
0791103752
0374583107
0932516227
0707107112
0339843477
0902043581
0790869238
0377154841
0818675317
0794378031
0774537195
0974902295
0918056637
0365631336
0342208949
0350469091
0852291950
0797693098
0881780599
0899947420
0776483556
0968366371
0324736297
0933647339
0852429904
0364830992
0968144042
0767328619
0976887749
0765535459
0857209165
0985494512
0345832051
0962208848
0373632389
0919142565
0781911938
0760207237
0825273241
0786805962
0891380653
0762297089
0915250131
0949077586
0366965063
0835607949
0841968903
0333903085
0844705276
0349366379
0390291085
0328698376
0762944981
0392845894
0916627956
0891780931
0386701935
0816629751
0342216677
0347195046
0785320117
0947873207
0700913375
0708812737
0325689318
0944886753
0884937268
0374619344
0775941975
0356639108
0974193797
0797131870
0361139334
0914667912
0817269008
0819533479
0348421583
0962898385
0942258362
0979322165
0945025884
0322937668
0780528839
0892231898
0948616324
0368038535
0941365745
0399634645
0707502191
0702979156
0812316045
0902007924
0829519526
0385159203
0841556015
0882515017
0352047522
0333136480
0360822144
0852040296
0349416518
0361691744
0365102038
0322838546
0777665180
0902709167
0880576636
0906226122
0899382311
0791672290
0397956997
0910409266
0766918611
0367381861
0845831363
0889366110
0933420719
0900074794
0881298120
0703910942
0789017064
0798825352
0978726655
0948327411
0835319326
0395665590
0762593991
0837644884
0828180418
0768867242
0810300287
0365362638
0852158072
0768642931
0897924933
0913695727
0937148461
0841657745
0787807906
0768931453
0347819324
0965931166
0387526524
0919317097
0893825183
0332507882
0707096232
0336733998
0854528169
0964928508
0781420419
0325316375
0799472482
0394079733
0931580843
0910402290
0971250607
0390466531
0337703839
0390597243
0817963804
0701587125
0399602642
0770149785
0775203154
0884048221
0364086532
0375836406
0810720338
0777816818
0881207834
0898873910
0850428533
0773008642
0844105203
0900564413
0832149718
0348857186
0853861309
0855825011
0335920686
0825017619
0982474364
0941022421
0790616482
0701061581
0832187848
0773257022
0708669885
0704688334
0766807199
0785621721
0912324207
0899133719
0361430364
0892198328
0371020865
0363903497
0839510602
0910164729
0382363870
0399320348
0819753610
0911015984
0948742884
0374023759
0388534696
0882588351
0880411020
0935915526
0962902979
0947924383
0880865061
0898594026
0344500436
0966672886
0895581744
0849129195
0359834753
0397872917
0944908457
0376690402
0706418295
0375944939
0980362088
0811459348
0706589514
0933691445
0352788256
0387020372
0338239225
0916114917
0364002660
0705735361
0707822521
0780592204
0973235414
0765629379
0897228905
0335850414
0842029327
0392403179
0346050212
0393106286
0793802009
0389932540
0394284086
0974310651
0777716087
0810480532
0326137714
0945213997
0945841755
0820283272
0395023744
0949450316
0777974958
0966815942
0375814187
0786090110
0383101867
0799108261
0894734174
0812551491
0794918276
0907825978
0766406219
0372849773
0824016330
0346261260
0908226537
0793564614
0369843949
0836475667
0700353046
0909684292
0777143100
0835364416
0938081200
0930983716
0385891169
0701748426
0881142303
0352369068
0899522782
0366171517
0835513759
0765985121
0891632392
0961591964
0849068995
0967405442
0943155452
0963952287
0792277361
0905643171
0339793539
0355296505
0369471841
0905775392
0856223204
0840024237
0778295191
0323322843
0703712996
0917919097
0975857862
0822068461
0385117452
0889615317
0850056338
0384137851
0768721479
0399006476
0769131409
0352573070
0708182600
0394548857
0841861891
0838964576
0709209982
0339794202
0843778744
0342485362
0859565088
0812305246
0784336670
0944244078
0770537921
0793015721
0909137365
0336475692
0821731897
0961540971
0831077037
0707928755
0966533013
0369228813
0368352256
0783065605
0790158364
0946810163
0938142085
0700267370
0984421761
0371202168
0385035029
0842980023
0764991190
0355609977
0891553693
0979022717
0782653043
0351431145
0856564089
0828865039
0778746851
0320923970
0358964533
0392389624
0349565967
0882119216
0965371056
0395180655
0850661380
0851490282
0901734731
0342500685
0342054066
0784972303
0786940535
0324185621
0704409945
0984584720
0880472905
0902053374
0821720513
0398183277
0834619075
0362953949
0919749507
0794436236
0332585958
0823934684
0979096933
0327926655
0939619944
0825935925
0832007985
0913546495
0774054937
0893056699
0916369260
0770883635
0787692722
0836770261
0825869154
0367053153
0949066293
0911384990
0948588477
0353879121
0372110783
0912915121
0769220319
0390850291
0914506910
0919915292
0907437008
0939628923
0811532760
0771388117
0828813492
0372740783
0332939242
0896518190
0362615919
0347049936
0771008500
0341873595
0375596477
0912834669
0984031959
0915256063
0791612592
0781435771
0359778358
0855611575
0986062561
0880822007
0701609680
0368536883
0332315968
0825771679
0382296504
0379982279
0823591498
0321676151
0906974975
0971907295
0856463369
0347018252
0931310337
0386248735
0370733511
0909157990
0774969320
0820237453
0826495261
0886533953
0769446356
0360354874
0398247423
0976452861
0852899516
0937475033
0398399557
0799358722
0343400839
0960324920
0943801152
0332388338
0983283912
0399150665
0352659362
0919354409
0389962514
0775887006
0320455910
0854036536
0907109892
0709513067
0966758216
0977104732
0986796290
0913680682
0785710697
0837274524
0322466323
0709144394
0834914054
0938035881
0707746493
0396726501
0323274928
0784861598
0375813538
0857620540
0965611535
0788642013
0827335450
0967700788
0941348699
0774289052
0944341746
0380835738
0791181575
0705053127
0762978612
0962554608
0897753080
0890947187
0338841904
0392150312
0892793986
0763175014
0341712994
0824742878
0845871071
0790382815
0935908405
0880917363
0855316560
0813697928
0351740134
0852970750
0827926975
0989533467
0780484077
0392396769
0854874403
0330134133
0334467154
0769701665
0391835305
0334272957
0769348286
0891107325
0933610986
0942431498
0842399691
0330464267
0829487467
0364525527
0904116397
0331093153
0985910625
0817143197
0356357982
0766342997
0900448967
0895628825
0815872292
0891299560
0704251480
0919954989
0763240885
0357875537
0788248211
0890427643
0988081526
0811688549
0812205503
0330235806
0911050793
0396050431
0399113760
0941957871
0943400784
0784580919
0780746374
0822308786
0915232617
0340139154
0321962247
0375046656
0323920751
0938435156
0397089429
0704184797
0810139040
0330792513
0793409035
0842806723
0790822912
0792409361
0333874238
0931075412
0393110347
0944386069
0707389716
0899893053
0781858918
0370447314
0827382406
0932078733
0908315585
0797249778
0846248645
0320422837
0769445568
0836682384
0774938695
0837947428
0380017304
0708193191
0904485898
0338551102
0839536917
0766656685
0978023069
0882045271
0823683435
0844212655
0898034400
0799042554
0368953113
0773652406
0881665124
0704357467
0896153447
0363059281
0949505600
0762301311
0371632256
0830257756
0971016297
0889520190
0326073195
0880835938
0851952740
0977835737
0812170612
0821395137
0392802485
0357932276
0962906512
0930468092
0339394316
0988129858
0890434056
0391609141
0838268923
0913237990
0349702312
0377942522
0794488633
0760132612
0985565982
0830195593
0386700823
0883955806
0902588479
0333915442
0835035776
0785646970
0942353925
0850582941
0393742021
0770340171
0331255698
0350817276
0389214744
0819240595
0361572274
0827392052
0368916499
0817287943
0831446339
0904579147
0358295134
0973945070
0790033419
0834069724
0973760291
0961526697
0396802950
0812023028
0837747551
0989239255
0789067402
0787569955
0822766087
0396634411
0907626176
0987099162
0827984285
0918110725
0338729840
0907502194
0327225402
0888836318
0851005391
0353547519
0704492901
0796480959
0983632252
0782915815
0826918048
0988250059
0839966362
0946572061
0769930907
0333230331
0887712137
0945135805
0788550096
0919592917
0904407240
0857292385
0948220766
0780180013
0962368141
0846844946
0391269796
0828193611
0362920948
0780534261
0787816244
0897743493
0974587804
0371729667
0904003560
0709960219
0935389117
0344151646
0893390067
0843354120
0390028044
0905223287
0779661519
0825081276
0906342161
0393373235
0794702317
0939136445
0845040820
0902873497
0798545887
0978697476
0370184587
0944703685
0894680673
0396688091
0349446125
0910493758
0789955794
0392466041
0943360231
0347699490
0895078731
0335488939
0835727132
0394863396
0936117310
0817308852
0371775604
0977887196
0389112273
0918032972
0700841935
0377920593
0898548683
0841609627
0967959143
0820912204
0371291948
0948707584
0819664732
0820406453
0831830688
0852504350
0899156027
0792972797
0339571983
0395967754
0894179889
0365267028
0854758783
0852429360
0707845930
0939608434
0347705455
0829915428
0962183002
0966947973
0840857071
0907486972
0969761668
0843409661
0979649665
0778541268
0983837577
0988062084
0390746903
0371001199
0839861307
0783927825
0788832435
0968259078
0849015003
0323588724
0902870063
0707179532
0933657026
0381079974
0839591497
0333704257
0882215481
0943532028
0969209977
0968494462
0826279371
0910169539
0816204578
0772875020
0988927661
0919605329
0980491586
0830854256
0944665715
0773510220
0910618910
0989930881
0859634847
0980400311
0832586281
0766633274
0974034011
0375913236
0884044001
0795392910
0825603957
0770867901
0902624262
0935794302
0776793196
0370014800
0784342502
0964799545
0396901373
0972528186
0943668427
0394680757
0846273915
0811437153
0908367215
0912249914
0785758488
0892537468
0332332422
0903063839
0857665779
0945881286
0974473588
0389504510
0369831098
0348281851
0795615387
0901838747
0947941297
0946802922
0989289351
0854981131
0389697696
0382191825
0384317359
0349972095
0832206008
0811565016
0907353706
0987586278
0940209467
0880278852
0773447919
0771604898
0349967250
0832075926
0334398811
0391357677
0324028051
0336625486
0365661669
0907441976
0904914418
0770582423
0705039535
0380145722
0793267624
0706598273
0968209414
0898320359
0881903163
0761201721
0825841048
0911756137
0343282360
0834642140
0363125141
0988742075
0706676912
0399892188
0342154674
0325695316
0985731826
0894724433
0850864144
0379769271
0849356448
0822016936
0788685034
0947206993
0895703742
0384727099
0333956185
0973308504
0857949968
0373149381
0887746072
0396227287
0709820377
0938066339
0836990160
0857859602
0900560881
0379858095
0823034256
0336330592
0918400608
0370894636
0849401488
0768108074
0960496149
0378081203
0979431139
0880617211
0350562453
0329762213
0839129438
0894203887
0332544631
0792511753
0392215721
0981880227
0948403320
0342039526
0947214633
0705356394
0776220025
0357200400
0383906308
0905007264
0343375120
0894428224
0895874055
0833105699
0971311269
0851981145
0354094300
0988366283
0785807346
0813225922
0769399839
0766407313
0839232460
0789330648
0947912919
0936280701
0394939037
0776822664
0703095196
0704347415
0918044079
0852296707
0338988780
0885282025
0387351076
0394571740
0399933080
0972045235
0386632847
0766504726
0366182266
0901798519
0977247785
0884276315
0839803961
0909617625
0825624593
0705563343
0986655013
0933011883
0707836245
0370018211
0899661912
0937016105
0833614541
0908174896
0932776743
0842383928
0778140657
0337915424
0840598419
0813388462
0947647829
0984302683
0363013305
0705783042
0399053833
0900293819
0766745772
0324881600
0917857048
0840311453
0329047718
0370030023
0394682375
0768843073
0859856479
0330159474
0902247925
0977034961
0967846851
0986955902
0844071297
0899373920
0986687027
0846900946
0903704185
0859972650
0385231363
0932798422
0370214781
0764084923
0886277426
0960892127
0764886902
0768059911
0347233614
0342503390
0339792715
0911398203
0328010240
0917026421
0910403965
0342817262
0822079223
0933966931
0394233448
0331257833
0854269667
0791689509
0935988717
0963020980
0935393810
0772950324
0350314486
0761175519
0857388754
0835689375
0964388033
0934773663
0356228905
0765322643
0329596604
0988735019
0822486020
0977963925
0841685112
0978328695
0771622304
0815117574
0775683951
0794219487
0332289167
0913852057
0760153885
0961761348
0902778089
0839108819
0854830796
0798690813
0321814352
0390506898
0939937827
0813402242
0700511270
0371063802
0814126057
0965468877
0897922073
0339083935
0849365951
0373828693
0837436866
0366498266
0892600831
0795517068
0936651961
0908598039
0811417616
0793732051
0822887392
0989677502
0948731806
0961986303
0760898263
0779971553
0703501558
0978548559
0357062630
0353736528
0708428748
0881516752
0325262594
0337290484
0945568303
0822824875
0780846822
0847617346
0828628715
0325805479
0792493878
0823779611
0395807724
0384496375
0397562047
0883137250
0812972019
0835865375
0965250645
0325868110
0987950762
0773824192
0794145107
0859840755
0320528482
0349115121
0843309214
0346839256
0327691218
0834182154
0772041808
0939711098
0798022706
0779958858
0810624059
0985392725
0983058609
0370082628
0771225828
0918993305
0881918449
0786103378
0821138571
0885196440
0348425571
0359642896
0798301761
0818453220
0760750092
0393898565
0785628522
0385714360
0812706084
0840138598
0905323976
0818406452
0330206793
0987726415
0933351495
0949233579
0770595263
0962920466
0989507359
0702089351
0885420818
0346864273
0900764915
0888032450
0979780867
0836154079
0335838020
0769053834
0358820897
0341368771
0350744684
0916766502
0974725421
0980627745
0773713094
0825709892
0939469562
0362909551
0770879122
0828033976
0852230976
0812614315
0890745169
0898963900
0815908342
0392603730
0826186495
0388004541
0940673254
0971802079
0972833008
0937426279
0337399323
0974037184
0824193763
0343249534
0792648811
0989223253
0968559254
0888827118
0917742271
0378530078
0339823946
0930295593
0938933253
0387378386
0983068018
0789365356
0830730596
0963854897
0972182524
0980224991
0936254790
0381921446
0778772312
0334825394
0965785258
0369241761
0968714496
0762048120
0819372680
0796583819
0932255391
0792717365
0360489536
0329776955
0795423714
0368852073
0858493322
0918323773
0935183990
0799464795
0965083952
0965410043
0882118931
0816970997
0355974528
0828563496
0881494211
0837993304
0330943813
0383413074
0775883693
0397703404
0973346091
0335328390
0399340860
0781482186
0940590499
0779581331
0972471617
0781631304
0842594143
0930763004
0765923129
0893890922
0391820639
0988410309
0394791841
0379404299
0765117275
0850843854
0892647563
0328617125
0855415818
0945710384
0399827923
0987182872
0834736960
0946841018
0328689440
0904410553
0989643304
0337015896
0346611346
0843227346
0890816449
0970546085
0764491104
0377877668
0891289341
0380446537
0977727955
0887640744
0843534024
0782249827
0908501933
0940602146
0886231190
0365355218
0935410290
0849445081
0834274878
0358056911
0795476293
0832115868
0335887839
0778572605
0358954607
0341494433
0391461799
0962286963
0360243374
0333811525
0822186300
0329473953
0849258295
0828322335
0855942805
0339759868
0832511376
0325549695
0362197246
0963364890
0840245241
0898430677
0769574963
0939763035
0933530068
0786469454
0918353094
0881660691
0942095800
0832641763
0327684864
0383773084
0898592504
0883682545
0847170256
0851372173
0934001905
0903160791
0777949854
0825574810
0787319880
0760106214
0347081712
0845425855
0882709839
0332178256
0784078017
0889096171
0833604205
0327741905
0378436226
0336649355
0370243317
0778944801
0944460161
0799571976
0355842616
0706938757
0814574168
0819931423
0904102965
0845275506
0817207310
0342462849
0708475566
0852838715
0836947181
0389254762
0932453791
0941957279
0888604836
0707314842
0938599439
0764657279
0793399887
0890605482
0326150636
0821969199
0797231296
0961382404
0383485918
0377586252
0824304409
0380478205
0909568824
0849115213
0847355792
0854146366
0942718269
0890346686
0893066922
0852594834
0837223263
0970521819
0338118839
0387300791
0339519985
0965451896
0765414554
0893116863
0939224763
0358070534
0973935422
0917493906
0979738831
0398225684
0704103257
0340473863
0974023302
0396193043
0812215657
0905504162
0911516248
0970263319
0896451502
0360831912
0880685491
0896330778
0913425930
0773382932
0835339476
0377712580
0978808709
0764902868
0845217529
0386318856
0349790998
0708929906
0771492179
0327370494
0353747570
0836929831
0799395021
0388256892
0777551801
0333579689
0846239525
0987684468
0810430693
0779344381
0780969506
0889667330
0976696858
0931354611
0907611856
0364776205
0788061553
0897696386
0936316097
0795751050
0384610866
0351202847
0972386264
0825901655
0906463349
0931003512
0856601519
0361376136
0373758667
0938867695
0761591083
0849248438
0909755963
0763695774
0331155874
0359082414
0398866823
0940021726
0823095521
0378486247
0825822519
0390956670
0368980848
0983047022
0963447743
0766108015
0961705908
0792857849
0896817881
0962233658
0346874995
0353658323
0913292729
0891093884
0787428927
0397102857
0939629004
0973368040
0971720809
0852209159
0342295485
0786434483
0368075124
0773281726
0846081634
0388635538
0328741246
0326746036
0840495121
0898579916
0835515346
0988241380
0887395902
0820417667
0323827161
0984113806
0356624637
0859528709
0390648338
0333499511
0901295470
0358491032
0967463724
0780637532
0962327940
0349417545
0893426430
0769581448
0393428055
0705440900
0340886551
0976878488
0901463349
0915323016
0930531307
0390708998
0781775834
0761737188
0388794898
0355215351
0818385611
0363792209
0840282485
0770346085
0772662904
0887402149
0811791854
0942136081
0856272632
0796232453
0967588337
0848227047
0904367199
0780037269
0932212675
0775369806
0372369819
0786593651
0968376170
0835369058
0820627801
0835002638
0769667767
0386051827
0973250283
0966126818
0892827303
0828890529
0342933188
0771244110
0367005760
0812870254
0778369229
0832131956
0983647218
0968264101
0327255290
0331589679
0847668926
0399621741
0883471229
0891091633
0905468610
0343483033
0380572526
0705936328
0969175631
0859667406
0825707930
0376602564
0323527255
0909733293
0365423204
0707424360
0904227732
0964830895
0701175278
0900262728
0838783239
0880289126
0909017218
0338583665
0369352218
0338420342
0838515859
0703441249
0342935290
0825137269
0818641259
0789965934
0880024959
0885420848
0985585982
0358182260
0363207296
0783284695
0918037315
0859673154
0984552002
0889460011
0961729208
0973479899
0915866495
0773820891
0330587981
0907064267
0371823024
0902230220
0394206602
0938179501
0383524677
0932019507
0327206685
0977609670
0398792433
0383034114
0334750445
0327442834
0844304184
0339698390
0943627945
0362004791
0947121648
0703577189
0833585207
0824806954
0788641712
0885239677
0842673171
0772029231
0903728799
0399194047
0961282622
0987598635
0847150335
0355770139
0399378176
0789226455
0853891736
0848771349
0989427422
0986990469
0328653625
0353724883
0914435922
0897135501
0976424080
0388334832
0788776055
0930106412
0393043915
0989558847
0847943040
0911272236
0880825537
0353375530
0939649822
0354285862
0823084331
0362680964
0855979250
0813587819
0852705320
0897158659
0379491342
0811798490
0981179141
0989495882
0847818830
0396346639
0965990453
0980316858
0323638276
0381813426
0842779585
0389984407
0769701495
0764916041
0906133495
0908630176
0831538298
0368699181
0823599884
0363006866
0969231568
0337980257
0361301970
0821185474
0893827144
0946488292
0791859147
0367842285
0885059751
0916606624
0834249102
0368898260
0338570668
0980829377
0881945719
0919989270
0947457949
0937179076
0966179441
0366758180
0813992400
0900831192
0702497925
0328375261
0337591680
0384964434
0848946593
0933143539
0365042997
0885127349
0848584436
0983491967
0325638413
0845846257
0981731077
0799346009
0355228994
0359062710
0784820611
0852024339
0775941879
0347864681
0851274368
0706847715
0348287278
0900744630
0811769630
0391410590
0392856615
0857301043
0386313271
0903563863
0948117343
0375827417
0973799294
0360098936
0848468930
0709380938
0799372395
0841352841
0936918119
0370159446
0906971396
0887915625
0899435415
0778644302
0768275024
0709229832
0791182712
0762885916
0918636495
0815204673
0772194553
0816205508
0320011352
0932490675
0350841930
0397387853
0848142749
0782770803
0858369544
0812677485
0785840028
0386488741
0883521294
0971085167
0973014309
0821305837
0964767556
0353770946
0777492177
0849056392
0917557857
0793376482
0767672194
0345039142
0949243866
0911904254
0978260547
0885887782
0840708506
0834068283
0981024027
0765347704
0779273569
0827085841
0341740277
0842894332
0374203429
0934261930
0385587402
0388039291
0845275167
0854006761
0857018077
0895013374
0376490226
0336316951
0898818646
0978958833
0766998358
0838856809
0981723940
0918268850
0919539957
0786551808
0940430640
0931770644
0936605585
0888313842
0898960229
0975723793
0971657517
0339963205
0700948650
0827570483
0847096866
0836103061
0967400587
0322713401
0342958417
0329687267
0880798084
0385820214
0966418695
0859902954
0945170099
0700269611
0880205976
0905573069
0368433675
0967516412
0375078151
0917814217
0798175411
0388562773
0392350461
0832995903
0818140875
0962062867
0830757116
0853704719
0763183854
0939897791
0848821487
0943403342
0940461814
0831520446
0327549846
0396735067
0848920967
0763643806
0354120104
0918116043
0371046721
0847724664
0891028003
0374641822
0771384912
0381412529